10049233 0.661203 0.150623 1.494365
10049282 0.662095 0.150207 1.502998
10049317 0.662987 0.149792 1.511632
10049350 0.663878 0.149376 1.520266
10049382 0.664770 0.148961 1.528899
10049415 0.665662 0.148546 1.537533
10049448 0.666554 0.148130 1.546167
10049480 0.667446 0.147715 1.554800
10049514 0.668338 0.147299 1.563434
10049547 0.669230 0.146884 1.572067
10049579 0.670121 0.146468 1.580701
10049613 0.671013 0.146053 1.589335
10049645 0.671905 0.145637 1.597968
10049679 0.672797 0.145222 1.606602
10049711 0.673689 0.144807 1.615235
10049745 0.674581 0.144391 1.623869
10049778 0.675473 0.143976 1.632503
10049812 0.676365 0.143560 1.641136
10049845 0.677256 0.143145 1.649770
10049878 0.678148 0.142729 1.658404
10049910 0.679040 0.142314 1.667037
10049944 0.679932 0.141898 1.675671
10049976 0.680824 0.141483 1.684304
10050008 0.681716 0.141068 1.692938
10050041 0.682608 0.140652 1.701572
10050074 0.683499 0.140237 1.710205
10050108 0.684391 0.139821 1.718839
10050141 0.685283 0.139406 1.727472
10050173 0.686175 0.138990 1.736106
10050209 0.687067 0.138575 1.744740
10050240 0.687959 0.138159 1.753373
10050273 0.688851 0.137744 1.762007
10050306 0.689743 0.137329 1.770640
10050338 0.690634 0.136913 1.779274
10050371 -0.327880 -0.232548 -0.489470
10050406 -0.327193 -0.231582 -0.478940
10050440 -0.326506 -0.230617 -0.468409
10050473 -0.325819 -0.229651 -0.457879
10050505 -0.325132 -0.228685 -0.447349
10050537 -0.324445 -0.227720 -0.436819
10050569 -0.323757 -0.226754 -0.426289
10050605 -0.323070 -0.225789 -0.415758
10050635 -0.322383 -0.224823 -0.405228
10050668 -0.321696 -0.223858 -0.394698
10050704 -0.321009 -0.222892 -0.384168
10050735 -0.320322 -0.221927 -0.373638
10050770 -0.319634 -0.220961 -0.363107
10050801 -0.318947 -0.219995 -0.352577
10050833 -0.318260 -0.219030 -0.342047
10050866 -0.317573 -0.218064 -0.331517
10050902 -0.316886 -0.217099 -0.320987
10050932 -0.316199 -0.216133 -0.310456
10050966 -0.315512 -0.215168 -0.299926
10051001 -0.314824 -0.214202 -0.289396
10051033 -0.314137 -0.213237 -0.278866
10051064 -0.313450 -0.212271 -0.268336
10051097 -0.312763 -0.211306 -0.257805
10051130 -0.312076 -0.210340 -0.247275
10051163 -0.311389 -0.209374 -0.236745
10051197 -0.310702 -0.208409 -0.226215
10051233 -0.310014 -0.207443 -0.215685
10051262 -0.309327 -0.206478 -0.205154
10051295 -0.308640 -0.205512 -0.194624
10051331 -0.307953 -0.204547 -0.184094
10051362 -0.307266 -0.203581 -0.173564
10051395 -0.306579 -0.202616 -0.163033
10051427 -0.305891 -0.201650 -0.152503
10051460 -0.305204 -0.200684 -0.141973
10051495 -0.304517 -0.199719 -0.131443
10051527 -0.303830 -0.198753 -0.120913
10051559 -0.303143 -0.197788 -0.110382
10051593 -0.302456 -0.196822 -0.099852
10051627 -0.301769 -0.195857 -0.089322
10051661 -0.301081 -0.194891 -0.078792
10051692 -0.300394 -0.193926 -0.068262
10051724 -0.299707 -0.192960 -0.057731
10051757 -0.299020 -0.191995 -0.047201
10051791 -0.298333 -0.191029 -0.036671
10051825 -0.297646 -0.190063 -0.026141
10051859 -0.296958 -0.189098 -0.015611
10051892 -0.296271 -0.188132 -0.005080
10051923 -0.295584 -0.187167 0.005450
10051957 -0.294897 -0.186201 0.015980
10051989 -0.294210 -0.185236 0.026510
10052021 -0.293523 -0.184270 0.037041
10052054 -0.292836 -0.183305 0.047571
10052087 -0.292148 -0.182339 0.058101
10052122 -0.291461 -0.181373 0.068631
10052153 -0.290774 -0.180408 0.079161
10052188 -0.290087 -0.179442 0.089692
10052222 -0.289400 -0.178477 0.100222
10052255 -0.288713 -0.177511 0.110752
10052285 -0.288025 -0.176546 0.121282
10052319 -0.287338 -0.175580 0.131812
10052352 -0.286651 -0.174615 0.142343
10052387 -0.285964 -0.173649 0.152873
10052418 -0.285277 -0.172684 0.163403
10052450 -0.284590 -0.171718 0.173933
10052486 -0.283903 -0.170752 0.184463
10052516 -0.283215 -0.169787 0.194994
10052550 -0.282528 -0.168821 0.205524
10052582 -0.281841 -0.167856 0.216054
10052616 -0.281154 -0.166890 0.226584
10052651 -0.280467 -0.165925 0.237114
10052681 -0.279780 -0.164959 0.247645
10052716 -0.279093 -0.163994 0.258175
10052748 -0.278405 -0.163028 0.268705
10052783 -0.277718 -0.162062 0.279235
10052814 -0.277031 -0.161097 0.289765
10052846 -0.276344 -0.160131 0.300296
10052879 -0.275657 -0.159166 0.310826
10052915 -0.274970 -0.158200 0.321356
10052946 -0.274282 -0.157235 0.331886
10052979 -0.273595 -0.156269 0.342416
10053013 -0.272908 -0.155304 0.352947
10053045 -0.272221 -0.154338 0.363477
10053077 -0.271534 -0.153373 0.374007
10053110 -0.270847 -0.152407 0.384537
10053144 -0.270160 -0.151441 0.395067
10053176 -0.269472 -0.150476 0.405598
10053210 -0.268785 -0.149510 0.416128
10053242 -0.268098 -0.148545 0.426658
10053275 -0.267411 -0.147579 0.437188
10053308 -0.266724 -0.146614 0.447719
10053341 -0.266037 -0.145648 0.458249
10053375 -0.265349 -0.144683 0.468779
10053409 -0.264662 -0.143717 0.479309
10053443 -0.263975 -0.142751 0.489839
10053473 -0.263288 -0.141786 0.500370
10053506 -0.262601 -0.140820 0.510900
10053541 -0.261914 -0.139855 0.521430
10053574 -0.261227 -0.138889 0.531960
10053605 -0.260539 -0.137924 0.542490
10053639 -0.259852 -0.136958 0.553021
10053671 -0.259165 -0.135993 0.563551
10053705 -0.258478 -0.135027 0.574081
10053739 -0.257791 -0.134062 0.584611
10053770 -0.257104 -0.133096 0.595142
10053804 -0.256416 -0.132130 0.605672
10053838 -0.255729 -0.131165 0.616202
10053869 -0.255042 -0.130199 0.626732
10053902 -0.254355 -0.129234 0.637263
10053936 -0.253668 -0.128268 0.647793
10053970 -0.252981 -0.127303 0.658323
10054001 -0.252294 -0.126337 0.668853
10054035 -0.251606 -0.125372 0.679384
10054067 -0.250919 -0.124406 0.689914
10054101 -0.250232 -0.123440 0.700444
10054133 -0.249545 -0.122475 0.710974
10054169 -0.248858 -0.121509 0.721504
10054199 -0.248171 -0.120544 0.732035
10054232 -0.247484 -0.119578 0.742565
10054265 -0.246796 -0.118613 0.753095
10054299 -0.246109 -0.117647 0.763625
10054333 -0.245422 -0.116682 0.774156
10054365 -0.244735 -0.115716 0.784686
10054397 -0.244048 -0.114750 0.795216
10054430 -0.243361 -0.113785 0.805746
10054467 -0.242673 -0.112819 0.816277
10054497 -0.241986 -0.111854 0.826807
10054530 -0.241299 -0.110888 0.837337
10054564 -0.240612 -0.109923 0.847867
10054595 -0.239925 -0.108957 0.858397
10054628 -0.239238 -0.107992 0.868928
10054662 -0.238551 -0.107026 0.879458
10054697 -0.237863 -0.106060 0.889988
10054727 -0.237176 -0.105095 0.900518
10054761 -0.236489 -0.104129 0.911049
